# name: debug
# type: sparse matrix
# nnz: 7056
# rows: 84
# columns: 84

1 1 458592239
2 1 689761.816
3 1 -1557633.4
4 1 -424566.586
5 1 -108747122
6 1 -10765781.6
7 1 -153887.297
8 1 10237.816
9 1 -4455.94554
10 1 60120.1545
11 1 864634.956
12 1 154045.358
13 1 -121597.531
14 1 6860.05334
15 1 367.245887
16 1 50755.0499
17 1 724771.373
18 1 159849.308
19 1 -101379.565
20 1 4246.03532
21 1 2958.34921
22 1 42311.4821
23 1 642657.528
24 1 149481.004
25 1 -78648.7412
26 1 -5342.09214
27 1 10804.9815
28 1 2230.86138
29 1 491517.861
30 1 153249.265
31 1 -58470.9555
32 1 -7144.01637
33 1 11386.6463
34 1 -11196.7327
35 1 369157.42
36 1 103787.037
37 1 -58431.4706
38 1 -9308.23246
39 1 12949.0745
40 1 -17244.3155
41 1 375418.669
42 1 140365.813
43 1 -29563.8741
44 1 -1131.43151
45 1 4838.20136
46 1 4921.82379
47 1 212694.175
48 1 55851.5337
49 1 -20006.3496
50 1 487.096226
51 1 2062.69888
52 1 8210.42907
53 1 149470.096
54 1 43257.3487
55 1 -13642.222
56 1 22.7324241
57 1 2076.31464
58 1 5367.13209
59 1 107230.85
60 1 33295.9549
61 1 -13036.0348
62 1 -247.763456
63 1 2407.93097
64 1 4081.33316
65 1 99142.6043
66 1 31399.7454
67 1 -13426.1603
68 1 -696.337519
69 1 3088.37644
70 1 1584.25611
71 1 113808.953
72 1 33143.4372
73 1 -16077.3
74 1 -2021.51302
75 1 4976.46053
76 1 -2588.5852
77 1 137890.535
78 1 45974.9427
79 1 -15865.4193
80 1 -1710.7101
81 1 5041.16936
82 1 -1526.43943
83 1 138484.97
84 1 42458.2433
1 2 689761.816
2 2 459721902
3 2 1777627.44
4 2 110300137
5 2 423515.86
6 2 1744728.72
7 2 12658.1269
8 2 -149651.631
9 2 -12429.6781
10 2 -868740.423
11 2 -71242.7777
12 2 -130653.037
13 2 10480.4335
14 2 -112009.898
15 2 -14058.6763
16 2 -711048.863
17 2 -67904.1916
18 2 -85234.6312
19 2 8459.98032
20 2 -95878.953
21 2 -13817.4797
22 2 -646441.094
23 2 -63975.2179
24 2 -62634.1608
25 2 -99.3461935
26 2 -69305.5056
27 2 -16035.4571
28 2 -460972.127
29 2 -28653.2662
30 2 33742.7196
31 2 -2120.34909
32 2 -52951.0213
33 2 -9941.26472
34 2 -347098.028
35 2 -14700.4731
36 2 53177.85
37 2 -3876.77073
38 2 -52807.0922
39 2 -14878.8949
40 2 -341863.638
41 2 -10731.2728
42 2 79363.1934
43 2 1767.87637
44 2 -27506.6876
45 2 -5655.43956
46 2 -205981.27
47 2 -22385.7012
48 2 19147.3334
49 2 2139.84331
50 2 -17532.9593
51 2 -5231.42555
52 2 -141500.901
53 2 -19590.4987
54 2 6726.84228
55 2 1520.66386
56 2 -11881.7487
57 2 -3910.76162
58 2 -100816.468
59 2 -16308.2721
60 2 9614.33873
61 2 1298.90307
62 2 -11420.1533
63 2 -3845.12013
64 2 -92956.1674
65 2 -15029.4839
66 2 12321.9412
67 2 1142.17315
68 2 -12459.7117
69 2 -3852.01482
70 2 -109120.95
71 2 -16606.4396
72 2 21679.2814
73 2 426.054798
74 2 -15342.8203
75 2 -4910.51704
76 2 -130381.099
77 2 -16982.666
78 2 39621.2947
79 2 868.427678
80 2 -15655.8735
81 2 -4930.46362
82 2 -134737.187
83 2 -20324.6812
84 2 40770.9511
1 3 -1557633.4
2 3 1777627.44
3 3 436880256
4 3 8700212.7
5 3 -1718979.94
6 3 1050.72566
7 3 -12204.7836
8 3 -12827.6936
9 3 -20008.5936
10 3 -108708.038
11 3 117207.625
12 3 4899.84228
13 3 -12836.9345
14 3 -14264.8475
15 3 -15037.226
16 3 -116404.949
17 3 112435.808
18 3 12543.3099
19 3 -11051.6839
20 3 -14401.4121
21 3 -11876.5722
22 3 -116033.589
23 3 109384.848
24 3 15169.4812
25 3 -5945.46408
26 3 -16800.6141
27 3 -8440.42079
28 3 -116897.703
29 3 51810.7957
30 3 26246.2713
31 3 -3674.29139
32 3 -11402.7722
33 3 -6273.7156
34 3 -79278.178
35 3 31931.7079
36 3 21410.9645
37 3 -4284.62988
38 3 -16131.3189
39 3 -6091.25859
40 3 -105478.01
41 3 26131.8903
42 3 34305.7683
43 3 -4372.5087
44 3 -6002.28288
45 3 -2454.93278
46 3 -47899.7455
47 3 36901.4024
48 3 14817.1233
49 3 -4508.70991
50 3 -4953.20788
51 3 -1094.01067
52 3 -39109.9761
53 3 33274.3399
54 3 13264.7919
55 3 -3325.01566
56 3 -3717.07166
57 3 -694.4084
58 3 -30480.1291
59 3 25102.1605
60 3 12467.5285
61 3 -3204.81932
62 3 -3686.76097
63 3 -600.655754
64 3 -28801.0392
65 3 23134.2598
66 3 12845.8637
67 3 -3287.47889
68 3 -3912.89036
69 3 -373.924395
70 3 -32422.7298
71 3 25809.7636
72 3 15511.9117
73 3 -3618.03596
74 3 -5289.76223
75 3 -535.041332
76 3 -41990.842
77 3 27003.1712
78 3 23347.6116
79 3 -3990.94693
80 3 -5234.67612
81 3 -211.757002
82 3 -41758.4189
83 3 31068.2792
84 3 23963.3638
1 4 -424566.586
2 4 110300137
3 4 8700212.7
4 4 969257861
5 4 -258584.456
6 4 54539373.6
7 4 62814.4781
8 4 -824920.238
9 4 -101000.78
10 4 -5272243.43
11 4 -270289.844
12 4 -1055581.68
13 4 49972.6708
14 4 -642762.167
15 4 -104590.448
16 4 -4502025.65
17 4 -252642.617
18 4 -727779.404
19 4 41001.9376
20 4 -564157.267
21 4 -98738.6279
22 4 -4265371.28
23 4 -248124.118
24 4 -646688.558
25 4 -693.896134
26 4 -393294.738
27 4 -97860.2032
28 4 -2945293.11
29 4 -122922.568
30 4 28685.0509
31 4 -7866.15283
32 4 -298024.959
33 4 -62270.6217
34 4 -2207300.7
35 4 -80061.3303
36 4 176269.985
37 4 -21068.8465
38 4 -295778.841
39 4 -86326.2463
40 4 -1995120.96
41 4 -36641.7066
42 4 410799.9
43 4 4981.53074
44 4 -162331.827
45 4 -36193.1115
46 4 -1401985.87
47 4 -87123.5325
48 4 61980.2605
49 4 4611.08005
50 4 -107544.447
51 4 -31475.2599
52 4 -884113.448
53 4 -56595.5921
54 4 59235.0718
55 4 2622.16655
56 4 -73721.5907
57 4 -23537.0912
58 4 -637269.268
59 4 -47764.0713
60 4 77277.925
61 4 1429.98022
62 4 -68185.3702
63 4 -22137.1756
64 4 -566122.868
65 4 -41769.4843
66 4 89692.959
67 4 754.004611
68 4 -78869.3352
69 4 -22975.632
70 4 -696475.03
71 4 -50714.021
72 4 154961.311
73 4 -4125.14756
74 4 -97408.5925
75 4 -29132.8253
76 4 -830584.516
77 4 -48393.0238
78 4 270180.148
79 4 -2104.03804
80 4 -97403.5246
81 4 -28247.349
82 4 -845058.185
83 4 -60803.1869
84 4 275533.995
1 5 -108747122
2 5 423515.86
3 5 -1718979.94
4 5 -258584.456
5 5 967628336
6 5 59565337.2
7 5 831182.983
8 5 -51368.3349
9 5 74710.8766
10 5 -210603.52
11 5 -5203286.18
12 5 -1058131.6
13 5 672457.856
14 5 -33602.9863
15 5 38302.5437
16 5 -161697.234
17 5 -4503873.91
18 5 -1066633.6
19 5 577025.837
20 5 -21186.2988
21 5 25471.5264
22 5 -123462.169
23 5 -4212970.8
24 5 -1001177.86
25 5 419225.635
26 5 23764.9542
27 5 -36789.1448
28 5 24631.8586
29 5 -2989583.23
30 5 -888933.149
31 5 309863.185
32 5 30248.8805
33 5 -45244.166
34 5 63794.4996
35 5 -2232470.81
36 5 -601524.302
37 5 307778.975
38 5 44651.5283
39 5 -59226.2643
40 5 110544.97
41 5 -2055679.48
42 5 -728372.316
43 5 169653.156
44 5 9247.48577
45 5 -18965.9696
46 5 19870.4938
47 5 -1413741.8
48 5 -370718.179
49 5 119878.24
50 5 4383.62568
51 5 -9656.77039
52 5 11829.7429
53 5 -913510.612
54 5 -268018.015
55 5 82439.2045
56 5 5688.24307
57 5 -10421.4725
58 5 18624.3725
59 5 -659133.507
60 5 -213155.671
61 5 75638.1166
62 5 6838.59918
63 5 -11882.4915
64 5 22084.681
65 5 -585110.125
66 5 -194945.534
67 5 82744.1744
68 5 10180.515
69 5 -17214.793
70 5 42756.0599
71 5 -707221.502
72 5 -218868.559
73 5 97051.0331
74 5 18297.5909
75 5 -27623.9367
76 5 70999.7175
77 5 -835385.761
78 5 -295574.229
79 5 95584.2592
80 5 17556.4706
81 5 -28014.3691
82 5 73552.4981
83 5 -840714.255
84 5 -280461.345
1 6 -10765781.6
2 6 1744728.72
3 6 1050.72566
4 6 54539373.6
5 6 59565337.2
6 6 530637973
7 6 150785.379
8 6 -154567.554
9 6 -5441.55598
10 6 -1300678.36
11 6 -1087246.59
12 6 -1136865.28
13 6 151992.5
14 6 -130123.383
15 6 -12079.9597
16 6 -1189017.81
17 6 -1109678.64
18 6 -932853.506
19 6 140614.042
20 6 -113072.57
21 6 -14050.4003
22 6 -1194857.13
23 6 -1074949.36
24 6 -783018.472
25 6 128935.677
26 6 -33492.9716
27 6 -22219.2122
28 6 -561926.766
29 6 -906204.992
30 6 -489403.482
31 6 84539.9477
32 6 -12426.2492
33 6 -17203.5451
34 6 -359855.977
35 6 -616525.558
36 6 -352230.673
37 6 107017.882
38 6 -2487.5453
39 6 -26711.6817
40 6 -174724.243
41 6 -689371.934
42 6 -294930.541
43 6 46366.8274
44 6 -24885.485
45 6 -11918.1061
46 6 -351497.518
47 6 -402643.981
48 6 -169512.247
49 6 36738.3379
50 6 -26835.8067
51 6 -11079.3876
52 6 -232196.429
53 6 -283963.702
54 6 -68201.2531
55 6 27071.4856
56 6 -18980.1845
57 6 -9976.13169
58 6 -176241.87
59 6 -224988.583
60 6 -48074.0221
61 6 24895.2059
62 6 -16963.0897
63 6 -10086.944
64 6 -154773.625
65 6 -202449.217
66 6 -39125.5198
67 6 25399.4786
68 6 -18241.795
69 6 -11460.6379
70 6 -177053.48
71 6 -229157.325
72 6 -27502.6198
73 6 30734.2308
74 6 -16538.4833
75 6 -15791.3321
76 6 -175277.575
77 6 -282403.452
78 6 -39564.1095
79 6 29034.3278
80 6 -20694.3867
81 6 -16264.2894
82 6 -206880.744
83 6 -277014.947
84 6 -15386.1249
1 7 -153887.297
2 7 12658.1269
3 7 -12204.7836
4 7 62814.4781
5 7 831182.983
6 7 150785.379
7 7 450801849
8 7 -598202.281
9 7 -368355.407
10 7 -2766381.44
11 7 -88941746.3
12 7 -11010280
13 7 -119756.004
14 7 13754.9492
15 7 -1922.15664
16 7 83624.0215
17 7 803048.752
18 7 182099.612
19 7 -124438.299
20 7 15221.2486
21 7 -7425.99439
22 7 99228.1766
23 7 874427.808
24 7 250866.928
25 7 -95779.6276
26 7 3009.29048
27 7 1116.24013
28 7 60119.9673
29 7 774827.774
30 7 244274.54
31 7 -59854.9717
32 7 -4487.36262
33 7 7860.79361
34 7 20740.1006
35 7 559178.478
36 7 166431.37
37 7 -93178.7695
38 7 -3440.57353
39 7 6802.88381
40 7 41212.924
41 7 801354.471
42 7 298586.384
43 7 -61484.5843
44 7 1044.51587
45 7 2999.97872
46 7 57192.6376
47 7 676960.941
48 7 230194.801
49 7 -38099.703
50 7 7485.49055
51 7 -4168.05721
52 7 55430.7662
53 7 337742.969
54 7 112179.584
55 7 -20783.673
56 7 2262.57469
57 7 -354.820821
58 7 19805.8786
59 7 180314.594
60 7 55284.7825
61 7 -30402.9703
62 7 4231.36015
63 7 -1109.0246
64 7 37760.1182
65 7 279245.536
66 7 89233.4595
67 7 -44333.1568
68 7 3520.63023
69 7 1975.99784
70 7 40546.6305
71 7 408747.168
72 7 121849.859
73 7 -31226.0135
74 7 -2113.41771
75 7 6702.93843
76 7 1849.04731
77 7 270036.536
78 7 81506.4165
79 7 -33539.3661
80 7 -235.244375
81 7 5572.3064
82 7 15511.9058
83 7 317341.996
84 7 92574.8352
1 8 10237.816
2 8 -149651.631
3 8 -12827.6936
4 8 -824920.238
5 8 -51368.3349
6 8 -154567.554
7 8 -598202.281
8 8 451266138
9 8 1169271.19
10 8 89994049
11 8 2758697.58
12 8 6394672.05
13 8 15679.0576
14 8 -119277.142
15 8 -12782.091
16 8 -825881.315
17 8 -92435.0996
18 8 -133671.082
19 8 18589.0674
20 8 -128425.312
21 8 -19530.5719
22 8 -930101.741
23 8 -116164.698
24 8 -218566.046
25 8 8251.72306
26 8 -97861.5503
27 8 -18809.7207
28 8 -822254.274
29 8 -91637.85
30 8 -133513.702
31 8 -358.188297
32 8 -54540.8825
33 8 -10493.9974
34 8 -553220.799
35 8 -48555.2906
36 8 -25286.8606
37 8 4236.55345
38 8 -95053.6015
39 8 -23179.1586
40 8 -842208.727
41 8 -90721.2336
42 8 -73558.4336
43 8 6334.07623
44 8 -64868.2878
45 8 -13620.5982
46 8 -729337.209
47 8 -97562.553
48 8 -97837.4283
49 8 10587.7281
50 8 -43703.2067
51 8 -9955.37295
52 8 -400606.85
53 8 -77321.7498
54 8 -104865.789
55 8 4659.76768
56 8 -22164.2852
57 8 -5530.18974
58 8 -202142.005
59 8 -38296.7483
60 8 -28195.3556
61 8 8100.96119
62 8 -33473.877
63 8 -8503.14373
64 8 -326143.295
65 8 -68863.3645
66 8 -57065.4658
67 8 9801.49863
68 8 -47907.9279
69 8 -12136.3296
70 8 -463902.447
71 8 -92987.3946
72 8 -39026.314
73 8 2798.95914
74 8 -31897.4796
75 8 -8571.31417
76 8 -277011.528
77 8 -41205.5968
78 8 41839.413
79 8 5464.12712
80 8 -35918.4005
81 8 -9643.25371
82 8 -347660.025
83 8 -65797.2831
84 8 22908.5468
1 9 -4455.94554
2 9 -12429.6781
3 9 -20008.5936
4 9 -101000.78
5 9 74710.8766
6 9 -5441.55598
7 9 -368355.407
8 9 1169271.19
9 9 435723017
10 9 8897962.74
11 9 -5202543.07
12 9 7683.85747
13 9 -9004.20219
14 9 -12645.6966
15 9 -17519.92
16 9 -127546.794
17 9 119798.981
18 9 6655.16313
19 9 -17998.2897
20 9 -19628.2717
21 9 -18432.0153
22 9 -176903.433
23 9 190233.755
24 9 13256.0151
25 9 -13362.6607
26 9 -19125.2073
27 9 -13518.0215
28 9 -180883.196
29 9 167132.979
30 9 25558.2258
31 9 -3863.73615
32 9 -11381.2145
33 9 -6784.09571
34 9 -130656.866
35 9 95475.3308
36 9 23269.6597
37 9 -14044.1902
38 9 -23709.9911
39 9 -13351.7398
40 9 -218632.44
41 9 170961.19
42 9 50067.9116
43 9 -12370.6872
44 9 -13884.1784
45 9 -9055.79282
46 9 -175542.897
47 9 184751.731
48 9 41598.9925
49 9 -13877.8954
50 9 -8728.39914
51 9 -5680.02909
52 9 -88304.2007
53 9 132632.229
54 9 22041.6087
55 9 -7099.80357
56 9 -5156.39548
57 9 -2323.56786
58 9 -49007.3722
59 9 63589.2882
60 9 15230.362
61 9 -11614.1211
62 9 -7569.26416
63 9 -3747.29745
64 9 -77669.6746
65 9 111774.101
66 9 25701.7903
67 9 -15268.3958
68 9 -11446.1058
69 9 -4140.03981
70 9 -113004.813
71 9 147349.28
72 9 41302.6687
73 9 -7734.37693
74 9 -9131.03597
75 9 -1715.56095
76 9 -76439.9597
77 9 64585.3366
78 9 35235.5527
79 9 -10641.1045
80 9 -9603.83509
81 9 -1930.39341
82 9 -90511.6461
83 9 101522.238
84 9 41782.9605
1 10 60120.1545
2 10 -868740.423
3 10 -108708.038
4 10 -5272243.43
5 10 -210603.52
6 10 -1300678.36
7 10 -2766381.44
8 10 89994049
9 10 8897962.74
10 10 965715446
11 10 -565953.156
12 10 81839919.8
13 10 81941.0305
14 10 -780091.406
15 10 -120608.814
16 10 -6769265.8
17 10 -398566.006
18 10 -1606172.43
19 10 91985.3594
20 10 -841588.31
21 10 -159785.339
22 10 -7373607.39
23 10 -468030.383
24 10 -1977421.47
25 10 49368.5277
26 10 -672117.286
27 10 -148373.426
28 10 -7874898.06
29 10 -468774.427
30 10 -1693833.56
31 10 11552.3845
32 10 -412983.335
33 10 -94309.2259
34 10 -7339120.86
35 10 -385767.552
36 10 -1244119.81
37 10 22331.7432
38 10 -640822.371
39 10 -170833.24
40 10 -8101872.3
41 10 -467163.291
42 10 -1135094.9
43 10 32132.3231
44 10 -489294.61
45 10 -120226.304
46 10 -9036685.1
47 10 -543590.752
48 10 -1493968.77
49 10 41839.5106
50 10 -294912.798
51 10 -73953.3254
52 10 -2751562.37
53 10 -248368.463
54 10 -635081.034
55 10 15974.693
56 10 -145431.984
57 10 -38261.0025
58 10 -1341548.7
59 10 -124208.758
60 10 -141251.201
61 10 29299.4352
62 10 -223166.034
63 10 -60220.3151
64 10 -2202538.8
65 10 -224823.997
66 10 -314583.164
67 10 33751.3856
68 10 -318567.202
69 10 -83474.7481
70 10 -3120004.29
71 10 -311186.275
72 10 -186343.162
73 10 3579.69717
74 10 -206911.487
75 10 -54487.53
76 10 -1805931.34
77 10 -137348.757
78 10 310378.399
79 10 14874.996
80 10 -237835.481
81 10 -63226.6798
82 10 -2324764.55
83 10 -223766.944
84 10 204803.221
1 11 864634.956
2 11 -71242.7777
3 11 117207.625
4 11 -270289.844
5 11 -5203286.18
6 11 -1087246.59
7 11 -88941746.3
8 11 2758697.58
9 11 -5202543.07
10 11 -565953.156
11 11 964383993
12 11 81823233.4
13 11 769273.603
14 11 -71970.4106
15 11 73742.8613
16 11 -341363.194
17 11 -6585733.33
18 11 -1674634.47
19 11 813955.301
20 11 -74397.4551
21 11 114752.523
22 11 -348961.353
23 11 -7105324.96
24 11 -1965199.07
25 11 657550.024
26 11 -20800.1495
27 11 50956.687
28 11 -204394.587
29 11 -7629458.87
30 11 -2241040.85
31 11 428755.582
32 11 11356.2981
33 11 -8501.9938
34 11 -93645.1036
35 11 -7248182.18
36 11 -2141883.86
37 11 631158.847
38 11 18074.9715
39 11 6638.20871
40 11 -32595.9049
41 11 -7932390.1
42 11 -2610857.48
43 11 480848.034
44 11 -1824.74539
45 11 23453.6012
46 11 -96526.1422
47 11 -8858621.07
48 11 -2756952.12
49 11 286219.185
50 11 -23665.2353
51 11 45897.4479
52 11 -95374.7056
53 11 -2609488.24
54 11 -782173.671
55 11 147898.131
56 11 -1438.44139
57 11 8839.93656
58 11 693.992859
59 11 -1304010.53
60 11 -379833.246
61 11 226006.59
62 11 -5650.29155
63 11 19840.9024
64 11 -9588.9805
65 11 -2119851.1
66 11 -635978.261
67 11 321133.22
68 11 5438.46079
69 11 2990.05355
70 11 47335.8028
71 11 -3021906.24
72 11 -872865.182
73 11 203672.023
74 11 26111.3989
75 11 -35631.9153
76 11 115203.544
77 11 -1780094.07
78 11 -544307.455
79 11 235527.64
80 11 21341.2638
81 11 -26807.7811
82 11 115674.705
83 11 -2263618.98
84 11 -670202.992
1 12 154045.358
2 12 -130653.037
3 12 4899.84228
4 12 -1055581.68
5 12 -1058131.6
6 12 -1136865.28
7 12 -11010280
8 12 6394672.05
9 12 7683.85747
10 12 81839919.8
11 12 81823233.4
12 12 541286291
13 12 176941.895
14 12 -158784.967
15 12 -7872.54989
16 12 -1961555.35
17 12 -1701439.46
18 12 -1626786.96
19 12 242256.808
20 12 -252155.473
21 12 -14349.2906
22 12 -2551153.85
23 12 -2057801.77
24 12 -1729486.45
25 12 213115.357
26 12 -177959.725
27 12 -23446.9906
28 12 -2725112.26
29 12 -2356873.22
30 12 -1683900.96
31 12 126243.022
32 12 -59465.4645
33 12 -18324.4728
34 12 -2375198.63
35 12 -2242089.43
36 12 -1345195.88
37 12 237135.964
38 12 -149258.853
39 12 -40548.5804
40 12 -2731271.67
41 12 -2678565.45
42 12 -1677213.22
43 12 169928.041
44 12 -147093.701
45 12 -30944.3501
46 12 -3415034.71
47 12 -2893678.76
48 12 -1723789.75
49 12 106835.786
50 12 -147355.059
51 12 -20812.2142
52 12 -1351389.75
53 12 -892625.23
54 12 -596463.328
55 12 52290.9359
56 12 -63270.0684
57 12 -13488.8579
58 12 -583479.55
59 12 -444454.861
60 12 -212644.367
61 12 84655.6912
62 12 -109855.18
63 12 -22779.2994
64 12 -1088651.9
65 12 -758444.167
66 12 -392903.011
67 12 113399.42
68 12 -137039.632
69 12 -34970.1528
70 12 -1405278.25
71 12 -1047666.45
72 12 -447099.554
73 12 64719.7649
74 12 -51288.9382
75 12 -26274.2483
76 12 -521011.601
77 12 -579746.16
78 12 -150257.03
79 12 78159.8382
80 12 -84286.4733
81 12 -32036.4038
82 12 -912091.849
83 12 -768177.07
84 12 -210554.158
1 13 -121597.531
2 13 10480.4335
3 13 -12836.9345
4 13 49972.6708
5 13 672457.856
6 13 151992.5
7 13 -119756.004
8 13 15679.0576
9 13 -9004.20219
10 13 81941.0305
11 13 769273.603
12 13 176941.895
13 13 447028773
14 13 -737335.479
15 13 465341.556
16 13 -3275470.26
17 13 -83498887.3
18 13 -15148256.1
19 13 -134726.268
20 13 16467.4861
21 13 -16050.6155
22 13 111111.369
23 13 989458.048
24 13 283492.61
25 13 -136543.994
26 13 13346.3543
27 13 -12215.1992
28 13 122972.358
29 13 1139136.91
30 13 363359.341
31 13 -99482.2796
32 13 5260.55617
33 13 -5007.5126
34 13 89341.0032
35 13 944329.488
36 13 302193.568
37 13 -92694.5278
38 13 -622.386604
39 13 -2554.50846
40 13 51316.6274
41 13 825181.86
42 13 280458.829
43 13 -111809.815
44 13 6842.72548
45 13 -2935.20776
46 13 94988.8485
47 13 1051310.76
48 13 344923.444
49 13 -68688.1375
50 13 5684.93669
51 13 -4830.35027
52 13 56132.702
53 13 591108.882
54 13 176215.778
55 13 -47517.5048
56 13 -651.473284
57 13 658.680688
58 13 14518.3232
59 13 418316.423
60 13 110616.666
61 13 -48647.5208
62 13 8549.1589
63 13 -4121.88823
64 13 74388.7712
65 13 490289.214
66 13 166426.16
67 13 -53011.9908
68 13 -2053.60082
69 13 6514.73044
70 13 11973.0559
71 13 481375.808
72 13 151094.398
73 13 -40770.7395
74 13 2995.53078
75 13 2149.15753
76 13 39560.3633
77 13 397157.806
78 13 137192.579
79 13 -27257.8528
80 13 -167.915358
81 13 2160.70588
82 13 11848.7767
83 13 279703.607
84 13 74386.3561
1 14 6860.05334
2 14 -112009.898
3 14 -14264.8475
4 14 -642762.167
5 14 -33602.9863
6 14 -130123.383
7 14 13754.9492
8 14 -119277.142
9 14 -12645.6966
10 14 -780091.406
11 14 -71970.4106
12 14 -158784.967
13 14 -737335.479
14 14 447014425
15 14 1443854.4
16 14 84061216.5
17 14 3266113.12
18 14 11320813.5
19 14 18141.9665
20 14 -144763.991
21 14 -20719.9226
22 14 -1065458.69
23 14 -120519.768
24 14 -317459.051
25 14 18836.6341
26 14 -146070.83
27 14 -24915.5302
28 14 -1236156.1
29 14 -157997.761
30 14 -349650.868
31 14 10605.8345
32 14 -105768.961
33 14 -18536.1816
34 14 -1015684.89
35 14 -126828.075
36 14 -247088.894
37 14 6239.71974
38 14 -104525.712
39 14 -18725.0077
40 14 -915240
41 14 -98628.8166
42 14 -185385.857
43 14 14806.6075
44 14 -117869.871
45 14 -22953.9612
46 14 -1123571.99
47 14 -151989.321
48 14 -218055.146
49 14 10737.3047
50 14 -72265.948
51 14 -13992.2777
52 14 -646631.367
53 14 -92466.7222
54 14 -148064.722
55 14 4864.69448
56 14 -48831.2384
57 14 -8684.81322
58 14 -448254.446
59 14 -58382.5012
60 14 -54554.2392
61 14 14235.817
62 14 -53117.0928
63 14 -13368.4509
64 14 -564760.867
65 14 -123382.968
66 14 -132188.323
67 14 5030.61228
68 14 -52284.4953
69 14 -13208.9883
70 14 -494002.869
71 14 -69747.3163
72 14 11977.9723
73 14 8787.48265
74 14 -40899.7477
75 14 -11944.5805
76 14 -425810.145
77 14 -89177.1965
78 14 -34106.2002
79 14 4508.18739
80 14 -28330.4159
81 14 -6146.09947
82 14 -306390.503
83 14 -56087.0481
84 14 -9409.44234
1 15 367.245887
2 15 -14058.6763
3 15 -15037.226
4 15 -104590.448
5 15 38302.5437
6 15 -12079.9597
7 15 -1922.15664
8 15 -12782.091
9 15 -17519.92
10 15 -120608.814
11 15 73742.8613
12 15 -7872.54989
13 15 465341.556
14 15 1443854.4
15 15 435190326
16 15 12528774.4
17 15 -8847410.6
18 15 9357.13685
19 15 -19774.5923
20 15 -21281.8773
21 15 -21288.2853
22 15 -198545.073
23 15 219345.022
24 15 3472.63502
25 15 -24340.0489
26 15 -25119.0467
27 15 -22582.5572
28 15 -258479.606
29 15 285090.207
30 15 20148.8312
31 15 -17435.338
32 15 -19041.6651
33 15 -15975.2798
34 15 -223928.484
35 15 237962.444
36 15 24413.6175
37 15 -17407.4302
38 15 -19662.8477
39 15 -16492.0762
40 15 -202455.915
41 15 206901.006
42 15 31544.8128
43 15 -24002.5517
44 15 -23221.1008
45 15 -17537.2191
46 15 -261883.159
47 15 277316.488
48 15 47101.3371
49 15 -19654.6275
50 15 -13877.0167
51 15 -9958.6072
52 15 -140374.688
53 15 184094.59
54 15 28847.9064
55 15 -13072.0611
56 15 -9846.34866
57 15 -5938.94493
58 15 -98005.6582
59 15 120360.153
60 15 25724.0925
61 15 -18030.7072
62 15 -11797.6132
63 15 -6941.28553
64 15 -136472.836
65 15 193272.777
66 15 38359.4132
67 15 -12693.8685
68 15 -14090.8489
69 15 -5147.21148
70 15 -132119.242
71 15 117711.258
72 15 47504.6321
73 15 -13005.9325
74 15 -10941.131
75 15 -4437.81115
76 15 -115742.589
77 15 130775.381
78 15 43849.8313
79 15 -9290.8556
80 15 -6556.81385
81 15 -2369.04812
82 15 -72946.906
83 15 95482.5982
84 15 27677.0837
1 16 50755.0499
2 16 -711048.863
3 16 -116404.949
4 16 -4502025.65
5 16 -161697.234
6 16 -1189017.81
7 16 83624.0215
8 16 -825881.315
9 16 -127546.794
10 16 -6769265.8
11 16 -341363.194
12 16 -1961555.35
13 16 -3275470.26
14 16 84061216.5
15 16 12528774.4
16 16 1.02140235e+09
17 16 -842665.137
18 16 116115075
19 16 109951.345
20 16 -1023391.07
21 16 -187151.072
22 16 -8879742.24
23 16 -532136.187
24 16 -2800178.04
25 16 115640.196
26 16 -1076150.99
27 16 -224626.662
28 16 -12312006.5
29 16 -834887.299
30 16 -3699670.45
31 16 77215.8095
32 16 -833130.007
33 16 -181984.382
34 16 -12593440
35 16 -837564.695
36 16 -3458462.93
37 16 46838.6001
38 16 -740330.705
39 16 -162574.283
40 16 -8916208.38
41 16 -540515.956
42 16 -1916288.82
43 16 76478.227
44 16 -872220.49
45 16 -205344.336
46 16 -11955772.5
47 16 -751508.952
48 16 -2284113.94
49 16 48185.7826
50 16 -512704.96
51 16 -116142.658
52 16 -4754103.96
53 16 -343739.504
54 16 -945026.37
55 16 20509.3497
56 16 -343574.421
57 16 -71594.9414
58 16 -3282596.71
59 16 -242017.21
60 16 -307673.733
61 16 61145.6581
62 16 -397486.701
63 16 -108716.914
64 16 -4355780.32
65 16 -456524.012
66 16 -869270.295
67 16 13169.3821
68 16 -374030.869
69 16 -97434.5809
70 16 -3645595.9
71 16 -267011.701
72 16 145333.564
73 16 30945.8602
74 16 -297274.425
75 16 -89335.7471
76 16 -3197600.69
77 16 -322754.858
78 16 -152962.612
79 16 17072.6629
80 16 -206457.842
81 16 -48442.837
82 16 -2352976.56
83 16 -232239.098
84 16 -3842.36148
1 17 724771.373
2 17 -67904.1916
3 17 112435.808
4 17 -252642.617
5 17 -4503873.91
6 17 -1109678.64
7 17 803048.752
8 17 -92435.0996
9 17 119798.981
10 17 -398566.006
11 17 -6585733.33
12 17 -1701439.46
13 17 -83498887.3
14 17 3266113.12
15 17 -8847410.6
16 17 -842665.137
17 17 1.01995869e+09
18 17 120953059
19 17 959360.623
20 17 -99071.0502
21 17 188933.208
22 17 -454423.023
23 17 -8522042.38
24 17 -2357081.68
25 17 1025347.66
26 17 -81782.931
27 17 175612.941
28 17 -527101.524
29 17 -11842039.1
30 17 -3570505.36
31 17 806183.117
32 17 -43634.1252
33 17 114413.514
34 17 -450888.184
35 17 -12218819.6
36 17 -3736430.67
37 17 695694.759
38 17 -5792.77396
39 17 77544.7688
40 17 -107577.68
41 17 -8629775.54
42 17 -2676544.7
43 17 863692.122
44 17 -28160.0579
45 17 85170.2245
46 17 -202041.702
47 17 -11778353.1
48 17 -3634813.14
49 17 515559.806
50 17 -16541.3882
51 17 61877.6096
52 17 -86028.4268
53 17 -4627505.64
54 17 -1324932.77
55 17 350254.219
56 17 15288.7078
57 17 12161.5658
58 17 69165.0121
59 17 -3229447.22
60 17 -845817.461
61 17 402834.102
62 17 -23104.7957
63 17 54867.1459
64 17 -73656.4651
65 17 -4211528.65
66 17 -1313731.31
67 17 381243.256
68 17 31982.4596
69 17 -28227.3857
70 17 146845.882
71 17 -3619067.67
72 17 -1096294.6
73 17 312626.508
74 17 6163.30797
75 17 400.056727
76 17 45211.568
77 17 -3166559.22
78 17 -1045719.64
79 17 213233.438
80 17 15147.2324
81 17 -6723.81543
82 17 104509.108
83 17 -2312667.54
84 17 -623173.42
1 18 159849.308
2 18 -85234.6312
3 18 12543.3099
4 18 -727779.404
5 18 -1066633.6
6 18 -932853.506
7 18 182099.612
8 18 -133671.082
9 18 6655.16313
10 18 -1606172.43
11 18 -1674634.47
12 18 -1626786.96
13 18 -15148256.1
14 18 11320813.5
15 18 9357.13685
16 18 116115075
17 18 120953059
18 18 561091956
19 18 281098.619
20 18 -326973.45
21 18 -5153.55137
22 18 -3030729.36
23 18 -2431891.65
24 18 -2150767.96
25 18 336476.19
26 18 -373757.305
27 18 -20606.2098
28 18 -4643354.54
29 18 -3749209.31
30 18 -3102867.28
31 18 266304.671
32 18 -274145.712
33 18 -22297.0626
34 18 -4742329.96
35 18 -3969524.34
36 18 -2933235.79
37 18 240765.195
38 18 -233946.564
39 18 -27287.1713
40 18 -3218577.26
41 18 -2806254.88
42 18 -2117267.13
43 18 297076.388
44 18 -296244.527
45 18 -40522.8066
46 18 -4347286.41
47 18 -3876080.43
48 18 -2528063.67
49 18 163941.821
50 18 -213262.025
51 18 -26465.9172
52 18 -1958872.36
53 18 -1455543.97
54 18 -1051286.92
55 18 100815.984
56 18 -124840.228
57 18 -21158.3756
58 18 -1232728.41
59 18 -968882.192
60 18 -613641.039
61 18 157843.592
62 18 -198212.491
63 18 -34578.9182
64 18 -2136752.52
65 18 -1539079.31
66 18 -895964.18
67 18 126932.332
68 18 -102019.534
69 18 -37249.7668
70 18 -1150769.52
71 18 -1200591.82
72 18 -526098.316
73 18 120930.473
74 18 -118251.296
75 18 -36309.6233
76 18 -1339412.98
77 18 -1185021.6
78 18 -522564.668
79 18 65532.9544
80 18 -81858.0151
81 18 -21196.2153
82 18 -971124.806
83 18 -744685.327
84 18 -285954.841
1 19 -101379.565
2 19 8459.98032
3 19 -11051.6839
4 19 41001.9376
5 19 577025.837
6 19 140614.042
7 19 -124438.299
8 19 18589.0674
9 19 -17998.2897
10 19 91985.3594
11 19 813955.301
12 19 242256.808
13 19 -134726.268
14 19 18141.9665
15 19 -19774.5923
16 19 109951.345
17 19 959360.623
18 19 281098.619
19 19 448076629
20 19 -532423.884
21 19 825644.838
22 19 -2929441.16
23 19 -96933982.7
24 19 -19885382.2
25 19 -181472.133
26 19 3448.83687
27 19 -7013.1919
28 19 58068.6933
29 19 1645908.61
30 19 479661.738
31 19 -155797.043
32 19 1958.92405
33 19 -7352.32455
34 19 46347.0153
35 19 1554874.68
36 19 420217.598
37 19 -127562.006
38 19 3096.69579
39 19 -7977.49817
40 19 63847.4859
41 19 1124055.95
42 19 325626.601
43 19 -119324.066
44 19 18949.9165
45 19 -16735.2534
46 19 144594.749
47 19 1203590.38
48 19 343110.477
49 19 -77505.1593
50 19 4248.48813
51 19 -11442.2069
52 19 42642.1628
53 19 640223.213
54 19 131514.365
55 19 -90438.5351
56 19 -393.113198
57 19 376.366967
58 19 21862.5991
59 19 843588.843
60 19 230346.149
61 19 -86065.5638
62 19 6999.50435
63 19 -636.082916
64 19 70222.6413
65 19 786828.773
66 19 250358.102
67 19 -82433.7192
68 19 2384.18662
69 19 6041.37689
70 19 39400.9143
71 19 805137.079
72 19 261398.402
73 19 -73774.3749
74 19 6783.51228
75 19 2422.89968
76 19 75551.5482
77 19 703829.845
78 19 238830.981
79 19 -72307.079
80 19 1562.57363
81 19 8255.50898
82 19 47101.2234
83 19 720539.864
84 19 233668.731
1 20 4246.03532
2 20 -95878.953
3 20 -14401.4121
4 20 -564157.267
5 20 -21186.2988
6 20 -113072.57
7 20 15221.2486
8 20 -128425.312
9 20 -19628.2717
10 20 -841588.31
11 20 -74397.4551
12 20 -252155.473
13 20 16467.4861
14 20 -144763.991
15 20 -21281.8773
16 20 -1023391.07
17 20 -99071.0502
18 20 -326973.45
19 20 -532423.884
20 20 448448128
21 20 1919224.1
22 20 97923991.8
23 20 2922248.77
24 20 16529865.1
25 20 8776.73745
26 20 -180723.193
27 20 -31756.858
28 20 -1625278.27
29 20 -98777.7147
30 20 -222551.464
31 20 8867.51613
32 20 -160427.609
33 20 -22921.2178
34 20 -1557729.96
35 20 -103405.003
36 20 -224322.48
37 20 10755.6965
38 20 -140396.954
39 20 -23486.1969
40 20 -1216216.08
41 20 -119821.848
42 20 -246372.71
43 20 26147.0352
44 20 -134773.711
45 20 -21313.8953
46 20 -1336344.43
47 20 -202518.425
48 20 -378819.095
49 20 9707.42446
50 20 -89461.2971
51 20 -9845.33519
52 20 -742616.427
53 20 -82589.1938
54 20 -223331.042
55 20 9147.01284
56 20 -91580.6095
57 20 -16808.1524
58 20 -872914.153
59 20 -101199.152
60 20 -79946.7609
61 20 16025.374
62 20 -85078.4773
63 20 -21974.2322
64 20 -827176.773
65 20 -143449.091
66 20 -110761.28
67 20 12525.1886
68 20 -83116.8543
69 20 -21680.5908
70 20 -831831.224
71 20 -127466.135
72 20 -3902.84345
73 20 16893.5038
74 20 -76122.3611
75 20 -20780.5378
76 20 -766838.676
77 20 -159596.215
78 20 -80619.9702
79 20 12208.1845
80 20 -72561.5361
81 20 -20511.6295
82 20 -756772.473
83 20 -142425.715
84 20 890.222656
1 21 2958.34921
2 21 -13817.4797
3 21 -11876.5722
4 21 -98738.6279
5 21 25471.5264
6 21 -14050.4003
7 21 -7425.99439
8 21 -19530.5719
9 21 -18432.0153
10 21 -159785.339
11 21 114752.523
12 21 -14349.2906
13 21 -16050.6155
14 21 -20719.9226
15 21 -21288.2853
16 21 -187151.072
17 21 188933.208
18 21 -5153.55137
19 21 825644.838
20 21 1919224.1
21 21 435376999
22 21 16666575.1
23 21 -12938971.5
24 21 7192.38526
25 21 -19274.1046
26 21 -31918.6342
27 21 -25593.4426
28 21 -366461.443
29 21 217998.668
30 21 26468.6829
31 21 -23668.5078
32 21 -23786.0987
33 21 -22900.763
34 21 -329085.412
35 21 250292.339
36 21 35604.6883
37 21 -24619.5133
38 21 -23999.7458
39 21 -20039.3011
40 21 -246360.284
41 21 264390.618
42 21 31761.6717
43 21 -34965.455
44 21 -20650.3182
45 21 -19164.5967
46 21 -265636.439
47 21 377541.015
48 21 37660.274
49 21 -26036.4965
50 21 -10844.358
51 21 -12709.3848
52 21 -112898.673
53 21 229872.958
54 21 17058.5575
55 21 -23632.86
56 21 -18252.6395
57 21 -11337.0159
58 21 -197460.126
59 21 209757.163
60 21 51213.0382
61 21 -24647.7011
62 21 -20731.0312
63 21 -9759.15359
64 21 -210902.088
65 21 237043.704
66 21 59173.4249
67 21 -20933.0839
68 21 -21313.548
69 21 -8266.41805
70 21 -221756.451
71 21 197895.882
72 21 75319.6676
73 21 -22922.5695
74 21 -18801.3977
75 21 -8323.76147
76 21 -197740.409
77 21 229691.006
78 21 69458.0004
79 21 -20326.8596
80 21 -19498.8181
81 21 -6169.6701
82 21 -203832.136
83 21 207964.98
84 21 81761.6802
1 22 42311.4821
2 22 -646441.094
3 22 -116033.589
4 22 -4265371.28
5 22 -123462.169
6 22 -1194857.13
7 22 99228.1766
8 22 -930101.741
9 22 -176903.433
10 22 -7373607.39
11 22 -348961.353
12 22 -2551153.85
13 22 111111.369
14 22 -1065458.69
15 22 -198545.073
16 22 -8879742.24
17 22 -454423.023
18 22 -3030729.36
19 22 -2929441.16
20 22 97923991.8
21 22 16666575.1
22 22 1.16971011e+09
23 22 -987992.005
24 22 147079218
25 22 64195.0063
26 22 -1496459.47
27 22 -336812.672
28 22 -17344578.2
29 22 -566923.756
30 22 -2068441.88
31 22 56546.3346
32 22 -1387168.67
33 22 -286891.963
34 22 -18119533.5
35 22 -615965.26
36 22 -1922870.1
37 22 70960.7824
38 22 -1039158.54
39 22 -210286.981
40 22 -11497110.2
41 22 -628266.592
42 22 -2242158.95
43 22 136096.129
44 22 -1082936.42
45 22 -219334.933
46 22 -14145634.4
47 22 -942894.916
48 22 -3243737.02
49 22 49995.6746
50 22 -609845.355
51 22 -90196.6266
52 22 -5283782.84
53 22 -328829.867
54 22 -1378534.36
55 22 34676.1319
56 22 -694062.936
57 22 -152243.87
58 22 -6904690.51
59 22 -424832.735
60 22 -217276.268
61 22 63503.7962
62 22 -633586.767
63 22 -173499.989
64 22 -6300670.02
65 22 -531070.973
66 22 -660736.494
67 22 39002.2769
68 22 -639658.177
69 22 -173552.37
70 22 -6574746.73
71 22 -473801.951
72 22 274390.328
73 22 66184.8697
74 22 -558225.735
75 22 -159954.87
76 22 -5754589.17
77 22 -594740.204
78 22 -433783.733
79 22 42351.2381
80 22 -546197.232
81 22 -156947.646
82 22 -5833189.95
83 22 -551858.977
84 22 144118.437
1 23 642657.528
2 23 -63975.2179
3 23 109384.848
4 23 -248124.118
5 23 -4212970.8
6 23 -1074949.36
7 23 874427.808
8 23 -116164.698
9 23 190233.755
10 23 -468030.383
11 23 -7105324.96
12 23 -2057801.77
13 23 989458.048
14 23 -120519.768
15 23 219345.022
16 23 -532136.187
17 23 -8522042.38
18 23 -2431891.65
19 23 -96933982.7
20 23 2922248.77
21 23 -12938971.5
22 23 -987992.005
23 23 1.16746488e+09
24 23 160315238
25 23 1532653.62
26 23 -24680.0759
27 23 109769.586
28 23 -153289.387
29 23 -17540339.8
30 23 -5225858.31
31 23 1412432.88
32 23 -3279.71424
33 23 97064.408
34 23 -11067.9694
35 23 -18279452.3
36 23 -5300893.62
37 23 999213.841
38 23 -20190.2635
39 23 119498.444
40 23 -117532.785
41 23 -11246659.5
42 23 -3109233.85
43 23 1047184.18
44 23 -84343.8835
45 23 187418.125
46 23 -357576.662
47 23 -13825365.1
48 23 -3858833.52
49 23 584591.717
50 23 -14127.0301
51 23 110896.788
52 23 -47958.6578
53 23 -5040479.1
54 23 -1055984.28
55 23 716062.382
56 23 32072.516
57 23 12457.1631
58 23 183984.646
59 23 -6912433.45
60 23 -1921706.54
61 23 666720.169
62 23 -3474.61162
63 23 34394.895
64 23 17733.4706
65 23 -6274933.68
66 23 -1911418.15
67 23 650773.909
68 23 31283.2364
69 23 -28453.168
70 23 212316.446
71 23 -6542615.05
72 23 -2072094.94
73 23 576261.612
74 23 -329.392594
75 23 12457.9786
76 23 28935.4513
77 23 -5655504.84
78 23 -1831882.19
79 23 564406.923
80 23 30180.609
81 23 -35274.7836
82 23 170172.842
83 23 -5785571.4
84 23 -1850105.75
1 24 149481.004
2 24 -62634.1608
3 24 15169.4812
4 24 -646688.558
5 24 -1001177.86
6 24 -783018.472
7 24 250866.928
8 24 -218566.046
9 24 13256.0151
10 24 -1977421.47
11 24 -1965199.07
12 24 -1729486.45
13 24 283492.61
14 24 -317459.051
15 24 3472.63502
16 24 -2800178.04
17 24 -2357081.68
18 24 -2150767.96
19 24 -19885382.2
20 24 16529865.1
21 24 7192.38526
22 24 147079218
23 24 160315238
24 24 578076446
25 24 444416.506
26 24 -287800.463
27 24 -25918.421
28 24 -3250624.4
29 24 -5246229.93
30 24 -3208880.73
31 24 381552.137
32 24 -322882.887
33 24 -32883.583
34 24 -3797506.3
35 24 -5382052.97
36 24 -3328365.37
37 24 296215.132
38 24 -319079.409
39 24 -29375.7507
40 24 -3674333.81
41 24 -3234047.34
42 24 -2338579.52
43 24 321669.172
44 24 -461731.716
45 24 -35710.1233
46 24 -5353709.48
47 24 -4143125.34
48 24 -2840685.98
49 24 132368.365
50 24 -289013.1
51 24 -16321.1234
52 24 -2367524.06
53 24 -1208785.79
54 24 -1216242.28
55 24 204955.112
56 24 -224010.083
57 24 -42800.4035
58 24 -2078346.71
59 24 -2063233.29
60 24 -1213578.94
61 24 232272.055
62 24 -239647.479
63 24 -52590.0048
64 24 -2415785.91
65 24 -2121339.73
66 24 -1064780.08
67 24 225454.203
68 24 -185401.591
69 24 -61611.5862
70 24 -1938605.16
71 24 -2202017.24
72 24 -960248.384
73 24 219879.159
74 24 -224345.415
75 24 -60566.2416
76 24 -2419217.65
77 24 -2076306.78
78 24 -997322.441
79 24 200475.788
80 24 -182834.063
81 24 -66504.6626
82 24 -2143858.15
83 24 -2042920.39
84 24 -773359.523
1 25 -78648.7412
2 25 -99.3461935
3 25 -5945.46408
4 25 -693.896134
5 25 419225.635
6 25 128935.677
7 25 -95779.6276
8 25 8251.72306
9 25 -13362.6607
10 25 49368.5277
11 25 657550.024
12 25 213115.357
13 25 -136543.994
14 25 18836.6341
15 25 -24340.0489
16 25 115640.196
17 25 1025347.66
18 25 336476.19
19 25 -181472.133
20 25 8776.73745
21 25 -19274.1046
22 25 64195.0063
23 25 1532653.62
24 25 444416.506
25 25 447113565
26 25 -81504.3869
27 25 543165.823
28 25 -2254940.69
29 25 -109396793
30 25 -27290073.5
31 25 -193730.648
32 25 5002.43859
33 25 -5924.93841
34 25 82802.8905
35 25 2096404.42
36 25 663667.224
37 25 -203132.863
38 25 2174.58638
39 25 -13306.9417
40 25 83172.2494
41 25 1772968.11
42 25 517200.467
43 25 -146918.007
44 25 19275.4871
45 25 -19826.8916
46 25 153195.511
47 25 1520683.81
48 25 444337.383
49 25 -157778.269
50 25 13103.5086
51 25 -16448.5489
52 25 106337.309
53 25 1408178.02
54 25 402652.368
55 25 -105494.03
56 25 6701.60406
57 25 -5295.74841
58 25 77395.8602
59 25 1030220.22
60 25 283078.119
61 25 -158617.611
62 25 15649.438
63 25 -6527.53507
64 25 619213.071
65 25 10338225.1
66 25 2738830.68
67 25 -121368.687
68 25 3578.07357
69 25 3784.88797
70 25 54613.0371
71 25 1147700.11
72 25 343968.516
73 25 -87009.1516
74 25 3529.45426
75 25 4817.633
76 25 50941.434
77 25 850356.047
78 25 279246.944
79 25 -89887.9328
80 25 -2809.67532
81 25 11288.6322
82 25 13563.9639
83 25 870319.67
84 25 260483.874
1 26 -5342.09214
2 26 -69305.5056
3 26 -16800.6141
4 26 -393294.738
5 26 23764.9542
6 26 -33492.9716
7 26 3009.29048
8 26 -97861.5503
9 26 -19125.2073
10 26 -672117.286
11 26 -20800.1495
12 26 -177959.725
13 26 13346.3543
14 26 -146070.83
15 26 -25119.0467
16 26 -1076150.99
17 26 -81782.931
18 26 -373757.305
19 26 3448.83687
20 26 -180723.193
21 26 -31918.6342
22 26 -1496459.47
23 26 -24680.0759
24 26 -287800.463
25 26 -81504.3869
26 26 447206916
27 26 2386961.6
28 26 109574741
29 26 2250381.52
30 26 14437120.1
31 26 7645.27082
32 26 -192551.078
33 26 -36767.1883
34 26 -2087009.45
35 26 -103588.537
36 26 -257372.074
37 26 8833.61834
38 26 -221418.399
39 26 -34844.6639
40 26 -1874355.85
41 26 -130298.665
42 26 -350995.244
43 26 23778.902
44 26 -150680.785
45 26 -28274.606
46 26 -1595130.73
47 26 -187901.343
48 26 -408765.589
49 26 19150.1844
50 26 -160903.132
51 26 -29755.7645
52 26 -1520585.28
53 26 -145078.683
54 26 -326249.826
55 26 14177.3856
56 26 -106757.083
57 26 -21636.4462
58 26 -1665636.4
59 26 161570.28
60 26 -136198.705
61 26 29091.2366
62 26 -157685.272
63 26 -38851.3554
64 26 -9840629.37
65 26 -1611622.08
66 26 -1132408.27
67 26 15633.9747
68 26 -118184.459
69 26 -28880.2501
70 26 -1166270.44
71 26 -158268.953
72 26 -60487.4488
73 26 13410.8234
74 26 -84712.1837
75 26 -22776.1154
76 26 -861499.448
77 26 -136612.77
78 26 -32276.3002
79 26 8767.95819
80 26 -86148.3341
81 26 -22092.5197
82 26 -863770.63
83 26 -116269.841
84 26 50243.3675
1 27 10804.9815
2 27 -16035.4571
3 27 -8440.42079
4 27 -97860.2032
5 27 -36789.1448
6 27 -22219.2122
7 27 1116.24013
8 27 -18809.7207
9 27 -13518.0215
10 27 -148373.426
11 27 50956.687
12 27 -23446.9906
13 27 -12215.1992
14 27 -24915.5302
15 27 -22582.5572
16 27 -224626.662
17 27 175612.941
18 27 -20606.2098
19 27 -7013.1919
20 27 -31756.858
21 27 -25593.4426
22 27 -336812.672
23 27 109769.586
24 27 -25918.421
25 27 543165.823
26 27 2386961.6
27 27 435243019
28 27 23047933.1
29 27 -11703568.8
30 27 4559.17443
31 27 -13042.9566
32 27 -37163.7997
33 27 -28031.3208
34 27 -510255.954
35 27 214695.499
36 27 15998.4595
37 27 -27308.8476
38 27 -35601.2233
39 27 -33710.6056
40 27 -376045.593
41 27 325624.311
42 27 25854.7231
43 27 -33705.8522
44 27 -28156.6175
45 27 -21040.2811
46 27 -360020.222
47 27 386590.257
48 27 29935.8213
49 27 -37158.8805
50 27 -29645.4408
51 27 -22405.9763
52 27 -333680.74
53 27 341594.579
54 27 38707.7606
55 27 -25808.9243
56 27 -22187.8926
57 27 -12924.6661
58 27 -398258.823
59 27 333015.054
60 27 50383.3623
61 27 -41371.0039
62 27 -37567.7479
63 27 -18851.3731
64 27 -2453633.23
65 27 2370962.72
66 27 443724.637
67 27 -27706.5763
68 27 -29509.4591
69 27 -12371.8408
70 27 -299988.532
71 27 267975.905
72 27 77856.5052
73 27 -20746.0378
74 27 -22237.0016
75 27 -9165.13123
76 27 -234874.238
77 27 206275.085
78 27 71544.8092
79 27 -19689.5987
80 27 -23024.2028
81 27 -7534.99205
82 27 -233284.393
83 27 187785.806
84 27 81340.9653
1 28 2230.86138
2 28 -460972.127
3 28 -116897.703
4 28 -2945293.11
5 28 24631.8586
6 28 -561926.766
7 28 60119.9673
8 28 -822254.274
9 28 -180883.196
10 28 -7874898.06
11 28 -204394.587
12 28 -2725112.26
13 28 122972.358
14 28 -1236156.1
15 28 -258479.606
16 28 -12312006.5
17 28 -527101.524
18 28 -4643354.54
19 28 58068.6933
20 28 -1625278.27
21 28 -366461.443
22 28 -17344578.2
23 28 -153289.387
24 28 -3250624.4
25 28 -2254940.69
26 28 109574741
27 28 23047933.1
28 28 1.83575272e+09
29 28 -1028785.16
30 28 274866280
31 28 82716.0296
32 28 -2027665.66
33 28 -492633.281
34 28 -34578282.3
35 28 -967080.49
36 28 -5569994.73
37 28 92258.9494
38 28 -1734685.08
39 28 -345695.339
40 28 -20233334
41 28 -811766.626
42 28 -4058539.67
43 28 139328.95
44 28 -1395981.45
45 28 -317191.27
46 28 -23477485.3
47 28 -890747.763
48 28 -4950502
49 28 92905.4328
50 28 -1314089.84
51 28 -292591.934
52 28 -16290289.8
53 28 -362843.752
54 28 -2570717.98
55 28 36022.4993
56 28 -960421.627
57 28 -222643.676
58 28 -44915688.4
59 28 16863728.1
60 28 231829.823
61 28 128479.098
62 28 -1354527.35
63 28 -353281.014
64 28 -495671247
65 28 -47553617.7
66 28 -46470611.5
67 28 60942.612
